180,88.1,2.49
178,192,2.49
176,105,2.49
174,171,2.49
172,143,2.49
170,149,2.49
168,120,2.49
166,127,2.49
164,119,2.49
162,105,2.49
160,107,2.49
158,113.593,2.49
156,108,2.49
154,113,2.49
152,108,2.49
150,122,2.49
148,119,2.49
146,157,2.49
144,115,2.49
142,173,2.49
140,110,2.49
138,136,2.49
136,168,2.49
134,128,2.49
132,93.6,2.49
130,167,2.49
128,153,2.49
126,179,2.49
124,180,2.49
122,180,2.49
120,157,2.49
118,140,2.49
116,165,2.49
114,130,2.49
112,168,2.49
110,167,2.49
108,178,2.49
106,188,2.49
104,176,2.49
102,167,2.49
100,175,2.49
98,179,2.49
96,126,2.49
94,119,2.49
92,169,2.49
90,177,2.49
88,168,2.49
86,159,2.49
84,143,2.49
82,124,2.49
80,164,2.49
78,156,2.49
76,178,2.49
74,181,2.49
72,149,2.49
70,122,2.49
68,141,2.49
66,112,2.49
64,147,2.49
62,158,2.49
60,151,2.49
58,112,2.49
56,94.3,2.49
54,139,2.49
52,105,2.49
50,124,2.49
48,105,2.49
46,101,2.49
44,66,2.49
42,82.7,2.49
40,74.7,2.49
38,63.1,2.49
36,46.8,2.49
34,46.4,2.49
32,46,2.49
30,51.2,2.49
28,55.6,2.49
26,57.3,2.49
24,49.5,2.49
22,45.8,2.49
20,37.1,2.49
18,33.5,2.49
16,28.343,2.49
14,16.2,2.49
12,6.95,2.49
10,4.97,1.24
8,5.79,2.49
6,4.98,2.49
4,4.89,2.49
2,5.411,2.49
