0.0,23.5
0.5,24.0
1.0,24.7
1.5,24.1
2.0,25.6
2.5,25.8
3.0,25.1
3.5,24.5
4.0,24.5
4.5,25.9
5.0,25.7
5.5,24.1
6.0,24.7
6.5,25.3
7.0,24.5
7.5,26.1
8.0,24.9
8.5,24.6
9.0,25.6
9.5,25.2
10.0,24.7
10.5,25.2
11.0,24.6
11.5,24.9
12.0,26.0
12.5,25.4
13.0,26.4
13.5,24.8
14.0,25.4
14.5,24.9
15.0,25.8
15.5,24.4
16.0,26.4
16.5,24.1
17.0,24.2
17.5,24.3
18.0,24.0
18.5,26.1
19.0,25.7
19.5,24.5
20.0,24.9
20.5,26.3
21.0,26.1
21.5,25.1
22.0,27.3
22.5,27.7
23.0,28.3
23.5,27.9
24.0,27.8
24.5,30.3
25.0,30.7
25.5,29.5
26.0,32.1
26.5,31.7
27.0,31.9
27.5,32.6
28.0,32.7
28.5,32.1
29.0,31.4
29.5,31.9
30.0,33.1
30.5,33.2
31.0,32.6
31.5,31.5
32.0,32.2
32.5,32.7
33.0,32.7
33.5,31.8
34.0,32.1
34.5,32.6
35.0,30.0
35.5,29.6
36.0,29.7
36.5,29.0
37.0,27.9
37.5,27.5
38.0,25.9
38.5,24.7
39.0,24.4
