22,25,30.6
23,25,35.7
24,25,37.2
25,0.86,49.5
26,49.9,34.9
27,0.96,67.8
28,0.998,66.2
29,1.08,91.4
30,1.13,86.9
35,1.11,85.4
40,1.28,101
45,1.56,117
50,1.72,105
55,1.92,133
60,2.17,109
65,2.38,99.1
70,2.5,123
75,2.77,117
80,2.94,119
85,3.12,91.1
90,3.33,131
95,3.56,111
100,3.84,103
105,3.84,124
110,4.16,93.9
115,4.54,111
120,4.54,101
125,4.99,93.7
130,4.99,82.5
135,5.54,84.2
140,5.54,80
145,5.54,85.5
150,6.24,91
155,6.24,51.8
160,6.24,85.3
165,6.24,77.1
170,7.13,82.5
175,7.13,68.3
180,7.13,62444
185,7.13,62.5
190,7.13,43.4
195,8.32,62
200,8.32,53.4
205,8.32,53.182
210,8.32,40.7
215,8.32,41
220,8.32,34.4
225,8.32,44.1
230,9.98,33.2
235,9.98,32.5
240,9.98,32.5
245,9.98,34.9
250,9.98,24.9
255,9.98,43.1